Tables of optimal coefficients

 s = 3
  N=pq       p     q     a     b     H(b) - 1       a_2 -->
 ------------------------------------------------------------
 20039    691     29   176     20   1.61119e-05    5704   12319  
 28117    907     31   402     12   8.02766e-06   19449    5600  
 39029   1259     31   535     26   4.37281e-06   18161   26871  
 57091   1543     37   355     14    2.3159e-06   48188   21101  
 82001   1907     43   275     10   9.76596e-07   21252   67997  
100063   2129     47   937     45    8.8326e-07   79710   83852  

 s = 4
  N=pq       p     q     a     b     H(b) - 1       a_2 -->
 ------------------------------------------------------------
 20039    691     29   132     19   0.000215227    7733    2913    2393  
 28117    907     31   376     10   0.000108411   22144   24373    9897  
 39029   1259     31   483      9   7.70487e-05   30699   34367     605  
 57091   1543     37   663     17   5.62063e-05   23808   21416   49498  
 82001   1907     43   731     36   3.06375e-05   21708   59518    8988  
100063   2129     47   766      5   1.87187e-05   92313   24700   95582  

 s = 5
  N=pq       p     q     a     b     H(b) - 1       a_2 -->
 ------------------------------------------------------------
 15019    653     23   193     22    0.00305669    2805   13088    5404    4049  
 20039    691     29    51     12    0.00215385    1433    9511    2743    3075  
 33139   1069     31    63     17    0.00114396   32133   17866   21281   32247  
 51097   1381     37   515      9   0.000558794    1896   18026   44500   10853  
 71053   1733     41   828     12   0.000343201   33755   65170   12470    6878  
100063   2129     47   618     39   0.000189891   19779   62574   71962   40286  

 s = 6
  N=pq       p     q     a     b     H(b) - 1       a_2 -->
 ------------------------------------------------------------
 15019    653     23    18     13     0.0188834    1324   10772    9097   14209    8928  
 20039    691     29   143     21     0.0122854    4980   12157    4041    5024   10848  
 33139   1069     31   526     27    0.00693689    6940   12633   20365   28404   12988  
 51097   1381     37    68     32    0.00316032   47022   50197   39613   43545   14006  
 71053   1733     41   604     26    0.00261036   38730   13017   27375   51937    9580  
100063   2129     47   727     37     0.0013777   81629   98471   28469   32889    5891  

 s = 7
  N=pq       p     q     a     b     H(b) - 1       a_2 -->
 ------------------------------------------------------------
 15019    653     23   102      6     0.0835209   13162    9098    1389    3895    6143    6889  
 18101    787     23   232     12     0.0728475    1806    3456   14792   15377    3928   16477  
 24041    829     29   175      6     0.0462499    1833   18190   21444   23858    1135   12929  
 33139   1069     31   159     16     0.0339223    7642    9246    5584   23035   32241   30396  
 46213   1249     37    61     34     0.0210488    3808   36195   23394   31901   31244   24890  
 57091   1543     37   207      8     0.0168304   12551   13532   51498   24187   18190   52872  
 71053   1733     41   604     12     0.0130975   30065   39012   23909   51937   25177   18896  
100063   2129     47   718     30    0.00845549   39040   62047   89839    6347   30892   64404  

 s = 8
  N=pq       p     q     a     b     H(b) - 1       a_2 -->
 ------------------------------------------------------------
 24041    829     29    32     12      0.199887   17441   21749    5411   12326    3144   21024    6252  
 33139   1069     31   313     17      0.134478    3520   29553    3239    1464   16735   19197    3019  
 46213   1249     37   274      2     0.0900172   27752   33859    6039   25990   28189    7464   14262  
 57091   1543     37   694     30     0.0688344   31554   44967    6095   39142   37065   39875   44292  
 71053   1733     41   104     38     0.0557172   60759   26413   24409   48215   51048   19876   29096  
100063   2129     47    86     20     0.0358749    4344   58492   29291   60031   10486   22519   60985  

 s = 9
  N=pq       p     q     a     b     H(b) - 1       a_2 -->
 ------------------------------------------------------------
 33139   1069     31   393      5      0.491468    1462   16548    1706    8747   29599   27343    9832   25197  
 46213   1249     37   322     33      0.326181   35294   41234   19213   20273   45596   36138   21985   22320  
 57091   1543     37   211     10      0.266375   38786    5946   31007   15587   20783   21609   30794   32364  
 71053   1733     41   774     32      0.202107   38900   65312   65732   61542   66124   33947   18295    8652  
100063   2129     47   636     17      0.138217   70893   53211   12386   27873   56528   16417   17628   14997  
159053   3001     53   108     26     0.0845581   60128  101694   23300   43576   57659   42111   85501   93062  

 s = 10
  N=pq       p     q     a     b     H(b) - 1       a_2 -->
 ------------------------------------------------------------
 85633   4507     19  1611      9      0.613995   37667   35345    3864   54821   74078   30354   57935   51906   56279  
103661   4507     23  1611     16       0.48327   37667   98443   98511   68342   24501   88945   71456   78948   11209  
115069   5003     23   592     21      0.430689   40616   30272   15287   99537   75615  102299   64732   58400   57103  
130703   4507     29  1611     10      0.376633   64709   53373   17385    5244   29008   52889   66949   51906  110363  
145087   5003     29   592      9      0.333311  115661   10260   15287   79525    5573  102299   14702   28382   97127  
155093   5003     31   592      8      0.316322   15601   50284   20290  154570   60606   67278   89747  118436   97127  
