Table of optimal coefficients

 ---------
   s = 3
 -----------------------------------------------------
  N=p       a         values            eps < 1e-12
 -----------------------------------------------------
    23      15   |  1.6005836192870766
             3      1.60058361928707771	  1.11e-15
             8      1.60058361928707726	  6.661e-16
            15      1.6005836192870766	  0.0
            20      1.60058361928707837	  1.776e-15

    53      25   |  1.16990296539938465
            17      1.16990296539938821	  3.553e-15
            25      1.16990296539938465	  0.0
            28      1.16990296539938465	  0.0
            36      1.16990296539938665	  1.998e-15

   101      40   |  1.07037156209583406
            13      1.07235483868536541	  0.001983
            31      1.07235483868536541	  0.001983
            48      1.0703715620958365	  2.442e-15
            53      1.0703715620958365	  2.442e-15
            61      1.07037156209583428	  2.22e-16

   151      83   |  1.03519917131305661
            20      1.03519917131306105	  4.441e-15
            68      1.03519917131306038	  3.775e-15
            83      1.03519917131305661	  0.0
           131      1.03519917131306616	  9.548e-15

   307      75   |  1.0113609039087923
            75      1.0113609039087923	  0.0
           131      1.01136090390880118	  8.882e-15
           176      1.01136090390880229	  9.992e-15
           232      1.01136090390879319	  8.882e-16

   523      78   |  1.0045448161405568
            78      1.0045448161405568	  0.0
           114      1.00454481614055746	  6.661e-16
           409      1.0045448161405568	  0.0
           445      1.00454481614055724	  4.441e-16

   829     536   |  1.00225707133140718
           116      1.00225707133142805	  2.087e-14
           293      1.0022570713314114	  4.219e-15
           536      1.00225707133140718	  0.0
           713      1.00225707133144071	  3.353e-14

  1259     433   |  1.00105494491262159
           433      1.00105494491262159	  0.0
           535      1.00105494491264002	  1.843e-14
           724      1.00105494491263225	  1.066e-14
           826      1.00105494491264446	  2.287e-14

  2129     359   |  1.00043682699416969
           359      1.00043682699416969	  0.0
           937      1.00043682699418257	  1.288e-14
          1192      1.000436826994197	  2.731e-14
          1770      1.0004368269941859	  1.621e-14

  3001    2725   |  1.00025022549150511
           276      1.00025022549152598	  2.087e-14
           772      1.00025022549151488	  9.77e-15
          2229      1.00025022549151243	  7.327e-15
          2725      1.00025022549150511	  0.0

  4001    3279   |  1.00015021916807245
           722      1.000150219168078	  5.551e-15
          1934      1.00015021916810576	  3.331e-14
          2067      1.00015021916812374	  5.129e-14
          3279      1.00015021916807245	  0.0

  5003    3054   |  1.00010545426432151
           803      1.00011093669294859	  5.482e-06
          1271      1.00011093669296747	  5.482e-06
          1949      1.00010545426433661	  1.51e-14
          3054      1.00010545426432151	  0.0
          3527      1.00010545426433928	  1.776e-14


 ---------
   s = 4
 -----------------------------------------------------
  N=p       a         values            eps < 1e-12
 -----------------------------------------------------
    23      18   |  3.68418060998394159
             5      3.68418060998396646	  2.487e-14
             9      3.68418060998396601	  2.442e-14
            14      3.68418060998396601	  2.442e-14
            18      3.68418060998394159	  0.0

    53      22   |  1.96878180910532707
             6      2.02381272134203671	  0.05503
             9      2.02381272134203449	  0.05503
            22      1.96878180910532707	  0.0
            31      1.96878180910532885	  1.776e-15
            41      1.96878180910532907	  1.998e-15

   101      86   |  1.41748189681367154
            15      1.41748189681369063	  1.91e-14
            27      1.41748189681369396	  2.243e-14
            74      1.41748189681369419	  2.265e-14
            86      1.41748189681367154	  0.0

   151      48   |  1.24250493274488405
            22      1.24250493274489449	  1.044e-14
            48      1.24250493274488405	  0.0
           103      1.24250493274490181	  1.776e-14
           129      1.24250493274489759	  1.354e-14

   307      95   |  1.09062879714932692
            42      1.09062879714935734	  3.042e-14
            95      1.09062879714932692	  0.0
           212      1.09062879714934491	  1.799e-14
           265      1.09062879714935312	  2.62e-14

   523     178   |  1.04122336870652288
            18      1.05022779282182488	  0.009004
            29      1.05022779282181555	  0.009004
           143      1.0425526717134288	  0.001329
           238      1.04122336870656107	  3.819e-14
           285      1.04122336870654797	  2.509e-14
           345      1.04122336870652443	  1.554e-15

   829      45   |  1.02190051982228747
            45      1.02190051982228747	  0.0
           350      1.02190051982231056	  2.309e-14
           479      1.02190051982230656	  1.91e-14
           784      1.02190051982229835	  1.088e-14

  1259     709   |  1.01073711255538434
           139      1.0118956731659754	  0.001159
           471      1.01189567316596962	  0.001159
           550      1.01073711255540877	  2.442e-14
           709      1.01073711255538434	  0.0
           776      1.01073711255541454	  3.02e-14

  2129    1363   |  1.00499567277538882
           766      1.0049956727753937	  4.885e-15
           970      1.00499567277540502	  1.621e-14
          1159      1.00499567277539237	  3.553e-15
          1363      1.00499567277538882	  0.0

  3001    2827   |  1.00302547058623559
           174      1.00302547058624425	  8.66e-15
          1466      1.00302547058624048	  4.885e-15
          1535      1.00302547058624913	  1.354e-14
          2827      1.00302547058623559	  0.0

  4001     113   |  1.00200138605955957
           113      1.00200138605955957	  0.0
           956      1.00200138605961486	  5.529e-14
          3045      1.00200138605959976	  4.019e-14
          3888      1.00200138605963707	  7.749e-14

  5003    2053   |  1.00148045148910003
           550      1.00153881811613776	  5.837e-05
           755      1.00153881811614842	  5.837e-05
          2053      1.00148045148910003	  0.0
          2950      1.00148045148910136	  1.332e-15
          4211      1.00148045148911047	  1.044e-14


 ---------
   s = 5
 -----------------------------------------------------
  N=p       a         values            eps < 1e-12
 -----------------------------------------------------
    23      18   |  10.6378374358932746
             5      10.6378374358933492	  7.461e-14
             9      10.6378374358933492	  7.461e-14
            14      10.6378374358933492	  7.461e-14
            18      10.6378374358932746	  0.0

    53      11   |  4.79598949139639164
            11      4.79598949139639164	  0.0
            24      4.79598949139639252	  8.882e-16
            29      4.79598949139639252	  8.882e-16
            42      4.79598949139639341	  1.776e-15

   101      21   |  2.80314840410826838
            21      2.80314840410826838	  0.0
            24      2.8031484041083381	  6.972e-14
            77      2.80314840410833765	  6.928e-14
            80      2.80314840410826882	  4.441e-16

   151      58   |  2.13222325022422554
            13      2.13222325022422821	  2.665e-15
            58      2.13222325022422554	  0.0
            93      2.13222325022423354	  7.994e-15
           138      2.1322232502242322	  6.661e-15

   307     127   |  1.46257122978444087
            29      1.46257122978444198	  1.11e-15
           127      1.46257122978444087	  0.0
           180      1.4625712297844522	  1.132e-14
           278      1.46257122978444154	  6.661e-16

   523     459   |  1.23421241805355386
            64      1.23421241805365711	  1.033e-13
           237      1.23421241805361603	  6.217e-14
           286      1.23421241805357051	  1.665e-14
           459      1.23421241805355386	  0.0

   829     494   |  1.13474946424696843
           146      1.13474946424701262	  4.419e-14
           335      1.13474946424703083	  6.239e-14
           494      1.13474946424696843	  0.0
           683      1.13474946424697642	  7.994e-15

  1259     938   |  1.07977444875526496
            15      1.08314063385936588	  0.003366
            84      1.08314063385926818	  0.003366
           224      1.08292305163937375	  0.003149
           321      1.07977444875537265	  1.077e-13
           938      1.07977444875526496	  0.0
           957      1.07977444875527895	  1.399e-14

  2129    1409   |  1.03832478223299862
            74      1.03839901916131794	  7.424e-05
           374      1.03839901916137478	  7.424e-05
           720      1.03832478223307856	  7.994e-14
          1409      1.03832478223299862	  0.0
          1511      1.03832478223304037	  4.174e-14

  3001    2593   |  1.02370956881201303
           215      1.02429020183346675	  0.0005806
           335      1.02429020183340835	  0.0005806
           890      1.02370956881205633	  4.33e-14
          2111      1.02370956881202702	  1.399e-14
          2593      1.02370956881201303	  0.0

  4001    1534   |  1.01544029348507792
           488      1.01598774560396032	  0.0005475
          1320      1.01598774560397942	  0.0005475
          1651      1.01544029348513343	  5.551e-14
          2350      1.01544029348511611	  3.819e-14
          2467      1.01544029348512455	  4.663e-14

  5003     840   |  1.01139288999291965
           840      1.01139288999291965	  0.0
          1352      1.01139288999295052	  3.086e-14
          3651      1.0113928899929443	  2.465e-14
          4163      1.01139288999292098	  1.332e-15


 ---------
   s = 6
 -----------------------------------------------------
  N=p       a         values            eps < 1e-12
 -----------------------------------------------------
    23      11   |  31.7152748603691883
             2      31.7152748603694157	  2.274e-13
            11      31.7152748603691883	  0.0
            12      31.7152748603691883	  0.0
            21      31.7152748603694157	  2.274e-13

    53      14   |  13.8275085427718132
             6      13.8315752279395614	  0.004067
             9      13.8315752279395596	  0.004067
            19      13.8275085427718132	  0.0
            34      13.8275085427718132	  0.0
            39      13.8275085427718132	  0.0

   101      55   |  7.3932832030166562
            11      7.39328320301676012	  1.039e-13
            46      7.39328320301696351	  3.073e-13
            55      7.3932832030166562	  0.0
            90      7.39328320301696706	  3.109e-13

   151     109   |  5.15323162304216176
            18      5.15323162304216442	  2.665e-15
            42      5.15323162304216709	  5.329e-15
           109      5.15323162304216176	  0.0
           133      5.1532316230421662	  4.441e-15

   307      74   |  2.87505807243665901
            55      2.9252191171673898	  0.05016
            67      2.92521911716714555	  0.05016
           112      2.87505807243678602	  1.27e-13
           195      2.87505807243666212	  3.109e-15
           233      2.87505807243692457	  2.656e-13

   523     359   |  2.03362043411174298
           118      2.03362043411179982	  5.684e-14
           164      2.03362043411179538	  5.24e-14
           359      2.03362043411174298	  0.0
           405      2.03362043411180737	  6.439e-14

   829     720   |  1.57926613989705023
           109      1.57926613989723941	  1.892e-13
           289      1.5792661398972383	  1.881e-13
           540      1.5792661398972212	  1.71e-13
           720      1.57926613989705023	  0.0

  1259     875   |  1.35299150141722557
            21      1.37001539692180629	  0.01702
            60      1.37001539692180807	  0.01702
           384      1.35299150141726154	  3.597e-14
           875      1.35299150141722557	  0.0
          1059      1.35299150141737012	  1.446e-13

  2129    1402   |  1.1857522214414411
            41      1.18575222144175152	  3.104e-13
           727      1.18575222144171577	  2.747e-13
          1402      1.1857522214414411	  0.0
          2088      1.18575222144176107	  3.2e-13

  3001     322   |  1.1225561104617352
           233      1.12255611046193615	  2.01e-13
           322      1.1225561104617352	  0.0
          2679      1.122556110461842	  1.068e-13
          2768      1.12255611046192261	  1.874e-13

  4001    1780   |  1.0860570949908317
           132      1.08703939152954021	  0.0009823
           879      1.08703939152952223	  0.0009823
          1780      1.0860570949908317	  0.0
          2221      1.0860570949908348	  3.109e-15
          2250      1.0860570949909365	  1.048e-13

  5003    2037   |  1.06261692375889982
           162      1.06439726128610501	  0.00178
           525      1.06439726128580192	  0.00178
          2208      1.06261692375891914	  1.932e-14
          2795      1.06261692375900418	  1.044e-13
          2966      1.06261692375901373	  1.139e-13

