s = 4

---------------------------------------------------------------------------------------------
Function fcn1
---------------------------------------------------------------------------------------------
  N       sigma=1       sigma=2       sigma=3       sigma=4       sigma=5       sigma=6
---------------------------------------------------------------------------------------------
   1069   1.001354128   0.999971893   1.000012768   1.000071117   0.999535980   0.997673807   
   2129   1.000516680   1.000001540   1.000000809   1.000001100   1.000025001   1.000127697   
   3001   0.999671540   1.000001115   0.999999836   1.000000618   0.999998987   1.000024352   
   5003   0.999886571   0.999998334   0.999999867   0.999998377   1.000001999   1.000014846   
   6007   1.000159927   0.999999696   0.999999988   0.999999997   0.999999989   1.000000019   
   8191   0.999979147   1.000000042   0.999999994   1.000000005   1.000000029   1.000000301   
  10007   1.000042810   1.000000252   0.999999999   1.000000001   1.000000000   1.000000003   
  28111   0.999985442   0.999999984   1.000000000   1.000000000   1.000000000   1.000000000   

---------------------------------------------------------------------------------------------
Function fcn2
---------------------------------------------------------------------------------------------
  N       sigma=1       sigma=2       sigma=3       sigma=4       sigma=5       sigma=6
---------------------------------------------------------------------------------------------
   1069   1.001681570   0.999974374   0.999985700   1.000013207   1.000016759   0.999953791   
   2129   0.999397387   0.999934738   1.000000856   0.999999682   1.000000264   1.000000474   
   3001   0.997463556   0.999955411   0.999999926   1.000000167   0.999999903   1.000000000   
   5003   1.000628163   1.000008053   0.999998343   1.000002737   0.999999746   0.999998896   
   6007   1.000636922   1.000011801   0.999999873   0.999999909   1.000000001   0.999999999   
   8191   0.999975116   1.000000089   0.999999982   0.999999926   0.999999988   0.999999992   
  10007   1.000449067   1.000004595   1.000000112   0.999999996   1.000000000   1.000000000   
  28111   1.000054704   0.999997579   0.999999990   1.000000000   1.000000000   1.000000000   

---------------------------------------------------------------------------------------------
Function fcn3
---------------------------------------------------------------------------------------------
  N       sigma=1       sigma=2       sigma=3       sigma=4       sigma=5       sigma=6
---------------------------------------------------------------------------------------------
   1069   0.999960373   0.999982893   1.000024812   0.999630455   0.997155591   0.991005717   
   2129   0.999959018   1.000001180   1.000001387   1.000076793   1.000980837   1.004951291   
   3001   0.999993592   1.000000468   1.000000126   0.999995798   0.999934616   0.999605863   
   5003   1.000010652   0.999998592   1.000001542   0.999994355   0.999919789   0.999475907   
   6007   1.000009950   0.999999950   0.999999995   0.999999998   0.999999120   0.999989387   
   8191   1.000000131   0.999999984   1.000000000   1.000000116   1.000004566   1.000041818   
  10007   1.000004389   0.999999997   1.000000001   1.000000001   1.000000028   1.000000060   
  28111   0.999998181   1.000000000   1.000000000   1.000000000   1.000000007   1.000000249   

---------------------
Function fcn4
---------------------
  N       sigma=3
---------------------
    251   1.001532   
    631   1.000003   
   1259   0.999917   
   2503   1.000010   
   4001   0.999999   
   6521   0.999999   
  10007   1.000000   

---------------------
Function fcn5
---------------------
  N       sigma=3
---------------------
    251   1.203786   
    631   0.803097   
   1259   1.126899   
   2503   0.999777   
   4001   0.994225   
   6521   0.988508   
  10007   0.999900   

---------------------
Function fcn6
---------------------
  N       sigma=3
---------------------
    251   0.999958   
    631   1.000016   
   1259   0.999992   
   2503   1.000001   
   4001   1.000000   
   6521   1.000000   
  10007   1.000000   

---------------------
Function fcn7
---------------------
  N       sigma=3
---------------------
    251   0.982840   
    631   0.995597   
   1259   1.000432   
   2503   1.000508   
   4001   0.999811   
   6521   0.999884   
  10007   1.000061   

---------------------
Function fcn8
---------------------
  N       sigma=3
---------------------
    251   0.926518   
    631   0.993171   
   1259   0.998672   
   2503   0.993754   
   4001   0.999913   
   6521   0.999477   
  10007   0.999969   

-----------------------------------------------------
Function fcn9
-----------------------------------------------------
  N       sigma=2    sigma=3    sigma=4    sigma=5
-----------------------------------------------------
    251   0.967844   1.058619   1.013919   1.033254   
    631   1.003039   0.952834   0.987633   0.995178   
   1259   0.988903   0.997026   1.004073   1.000961   
   2503   0.975049   0.998942   1.000708   1.003672   
   4001   1.006764   0.997098   0.999249   1.000407   
   6521   0.989934   1.001171   0.999391   0.999745   
  10007   0.995681   1.000032   1.000032   1.000076   

-----------------------------------------------------
Function fcn10
-----------------------------------------------------
  N       sigma=2    sigma=3    sigma=4    sigma=5
-----------------------------------------------------
    251   0.996305   1.000205   0.998900   0.996567   
    631   0.998587   0.999805   1.000009   1.000125   
   1259   0.999279   0.999900   0.999971   0.999991   
   2503   0.999667   1.000029   0.999999   0.999989   
   4001   1.000025   0.999997   0.999998   1.000000   
   6521   0.999944   0.999997   1.000000   1.000000   
  10007   0.999993   1.000002   1.000000   1.000000   
