Tables of optimal coefficients

 s = 3
  N=p       H(a) - 1       a_2 -->
 ----------------------------------
   101      0.0703716     40     85  
   101      0.0703716     48     82  
   199      0.0214192     30    104  
   199      0.0214192     73    155  
   307      0.0113609     75     99  
   307      0.0113609    131    276  
   523     0.00454482     78    331  
   523     0.00454482    114    444  
   701     0.00319352    313    530  
   701     0.00319352    215    660  
  1069     0.00142096    136    323  
  1069     0.00142096    338    930  
  1543    0.000752742    355   1042  
  1543    0.000752742    552    733  
  2129    0.000436827    937    821  
  2129    0.000436827    359   1141  
  3001    0.000250225    772   1786  
  3001    0.000250225    276   1151  
  4001    0.000150219    722   1154  
  4001    0.000150219   1934   3422  
  5003    0.000105454   1476   2271  
  5003    0.000105454   1949   1324  
  6007    6.99647e-05    592   2058  
  6007    6.99647e-05   2831   1223  
  8191    4.41002e-05    739   5515  
  8191    4.41002e-05   3303   7588  
 10007    3.31555e-05   3072    583  
 10007    3.31555e-05    544   5733  

 s = 4
  N=p       H(a) - 1       a_2 -->
 ----------------------------------
   307      0.0906288     95    122    231  
   307      0.0906288     42    229    101  
   523      0.0412234    238    160    424  
   523      0.0412234    178    304    243  
   701       0.028097    265    125    178  
   701       0.028097     82    415    382  
  1069      0.0149727    271    749    938  
  1069      0.0149727     71    765    865  
  1543     0.00836932    663   1357    122  
  1543     0.00836932    128    954    215  
  2129     0.00499567    766   1281   1906  
  2129     0.00499567    970   2011    506  
  3001     0.00302547   1466    440   2826  
  3001     0.00302547    174    266   1269  
  4001     0.00200139    956   1708    440  
  4001     0.00200139    113    766   2537  
  5003     0.00148045   2053   2283   4191  
  5003     0.00148045    792   1889    191  
  6007     0.00100894   1351   5080   3086  
  6007     0.00100894   2610    162   2330  
  8191    0.000621857   3842    782   6538  
  8191    0.000621857   2488   5939   7859  
 10007    0.000485895   1206   3421   2842  
 10007    0.000485895   1784    430   6588  

 s = 5
  N=p       H(a) - 1       a_2 -->
 ----------------------------------
  1069      0.0962212     63    762    970    177  
  1069      0.0962212    526    874     54    610  
  1543      0.0579943     58    278    694    134  
  1543      0.0579943    133    716   1105    380  
  2129      0.0383248    618    833   1705   1964  
  2129      0.0383248    720   1053    236   1729  
  3001      0.0237096    890   2837   1089   2888  
  3001      0.0237096    408   1409   1681   1620  
  4001      0.0154403   1534    568   3095   2544  
  4001      0.0154403   1651   1120    658   2087  
  5003      0.0113929    840    177   3593   1311  
  5003      0.0113929   1352   1809   4304    519  
  6007     0.00852035    509    780    558   1693  
  6007     0.00852035   1487    593   4769   3243  
  8191      0.0054608   2228    238   6040   7498  
  8191      0.0054608   1386   4302   7715   3735  
 10007     0.00424225   1870   4457   8766    954  
 10007     0.00424225    198   9183   6967   8507  

 s = 6
  N=p       H(a) - 1       a_2 -->
 ----------------------------------
  2129       0.185752    727    537    792    954   1633  
  2129       0.185752     41   1681    793    578    279  
  3001       0.122556    233    271    122   1417     51  
  3001       0.122556    322   1650    123    593   1883  
  4001      0.0860571   1780   3609   2415   1626   1557  
  4001      0.0860571   1751   1235   1945    844   1475  
  5003      0.0626169   2208   2342   3037   1676   3391  
  5003      0.0626169   2037   1882   1336   4803   2846  
  6007      0.0497451   1521    746   5350   3872   2452  
  6007      0.0497451    312   1232   5943   4060   5250  
  8191      0.0342182   3699   3631   6020   4842   5032  
  8191      0.0342182   1632   1349   6380   1399   6070  
 10007      0.0271442   2240   4093   1908    931   3984  
 10007      0.0271442   2399   1176   9257   2010   8623  
